cam0:
  T_cam_imu:
  - - 0.09931722653454267
    - -0.9845641353220048
    - -0.14411645274262072
    - 0.15809871963575164
  - - -0.9946955195241473
    - -0.0943372709805893
    - -0.04100369181571703
    - 0.04017864197676903
  - - 0.026775211522409546
    - 0.14742436278161272
    - -0.9887108502015957
    - -0.2325783701018871
  - - 0.0
    - 0.0
    - 0.0
    - 1.0
  cam_overlaps: []
  camera_model: pinhole
  distortion_coeffs:
  - -0.09283387524431835
  - 0.012126965240112251
  - 0.007514893222842465
  - 0.016074580739513924
  distortion_model: radtan
  intrinsics:
  - 555.2151620681695
  - 547.8610219502931
  - 451.79533667085366
  - 266.770343749789
  resolution:
  - 1280
  - 640
  rostopic: /camera/image_raw
  timeshift_cam_imu: -0.043960370525128495
