cam0:
  T_cam_imu:
  - - -0.003694451973203148
    - -0.9995943864926498
    - -0.028238511239089572
    - 0.031648451290871495
  - - -0.9998678734319473
    - 0.004139535690336006
    - -0.015719412296363866
    - 0.0763847662670196
  - - 0.015829930615525022
    - 0.02817670556773675
    - -0.9994776068327175
    - -0.1831701553519357
  - - 0.0
    - 0.0
    - 0.0
    - 1.0
  cam_overlaps: []
  camera_model: pinhole
  distortion_coeffs:
  - -0.14639656994714106
  - 0.04001629478620133
  - 0.0009911906230781128
  - 0.000832793430327269
  distortion_model: radtan
  intrinsics:
  - 653.4403849466639
  - 653.6237211806239
  - 676.2195240359443
  - 344.9282467387465
  resolution:
  - 1440
  - 720
  rostopic: /camera/image_raw
  timeshift_cam_imu: -0.035218806866512596
